1000 3000 555 291 4512 7873
48 10 36 9 27 58 52 9 36 23 13 17 39 27 46 31 44 21 56 53 9 56 11 13 35 48 15 32 54 15 50 22 19 41 4 17 17 13 40 18 53 24 3 2 39 43 13 36 47 34 40 37 38 45 59 24 56 31 55 15 16 56 35 22 58 39 5 3 50 3 59 34 15 20 33 2 20 18 26 47 3 19 23 39 6 38 25 24 12 28 30 26 35 18 18 32 57 47 29 23 25 55 7 42 52 6 29 18 59 31 51 22 5 58 2 39 20 13 16 34 18 34 24 3 23 19 49 56 57 2 45 33 24 40 41 53 34 12 9 29 47 51 28 7 24 33 31 32 16 8 56 47 34 12 26 38 13 41 44 22 58 39 33 46 7 36 30 11 57 28 55 8 37 15 13 58 43 58 32 27 13 18 8 11 57 42 8 55 2 2 46 43 46 19 16 5 20 22 7 50 7 36 41 26 35 15 36 23 40 42 9 12 10 57 18 23 7 1 21 20 1 34 5 41 23 51 36 13 40 42 44 41 40 13 12 18 2 1 1 0 50 5 16 33 48 10 39 2 8 51 37 31 2 6 3 52 42 6 9 38 59 27 3 19 46 30 53 38 10 58 5 25 37 54 5 0 22 49 56 55 12 53 37 58 6 58 2 1 59 16 1 8 5 1 11 21 42 1 52 6 8 6 14 17 53 28 30 56 52 48 51 52 55 11 30 45 45 46 40 28 57 49 5 15 11 30 52 45 38 28 53 27 28 49 40 3 46 55 7 56 44 30 19 27 42 25 6 40 14 19 53 13 14 15 26 23 13 18 26 55 36 25 40 43 37 4 39 27 4 59 47 11 26 1 36 31 11 40 14 49 54 59 44 5 28 5 4 19 6 3 57 36 35 48 33 58 29 29 37 31 57 33 38 8 50 56 14 5 31 2 6 7 38 17 44 14 54 56 43 2 9 25 12 47 6 55 12 30 11 13 59 8 4 22 5 17 1 13 28 34 56 7 2 45 44 14 48 28 25 27 7 19 15 39 29 30 55 28 53 35 9 48 25 36 48 45 21 1 27 52 57 35 58 6 15 28 20 53 8 33 16 55 18 43 22 1 41 55 30 30 2 24 27 48 50 15 15 46 45 0 14 10 58 45 46 11 28 50 22 24 32 45 23 6 7 39 48 23 43 49 17 8 43 14 55 47 52 56 59 16 0 51 21 30 25 20 19 14 27 9 36 4 16 55 22 50 1 36 39 27 18 25 22 2 49 26 9 0 26 2 37 6 36 9 39 5 50 54 44 12 9 26 17 37 35 53 6 19 3 19 54 29 32 21 31 33 53 38 35 50 55 0 34 54 2 17 42 41 23 1 54 55 4 9 43 50 48 15 30 54 43 14 37 14 8 39 57 3 54 41 26 51 2 51 43 1 41 33 49 18 23 27 25 15 39 52 42 15 19 33 24 28 40 48 32 39 40 6 51 49 51 3 46 40 50 26 37 22 56 1 5 40 4 54 59 25 51 37 16 24 6 18 30 34 3 2 2 14 4 16 56 18 59 54 19 3 36 7 45 39 52 50 48 54 49 10 43 58 2 41 9 33 31 18 20 58 42 15 56 59 0 20 13 6 40 35 54 21 53 8 37 41 58 17 35 34 7 25 47 12 27 56 11 56 33 13 44 31 35 4 19 36 0 58 10 21 45 34 12 22 32 2 14 34 35 24 16 26 57 33 48 42 26 31 25 27 21 58 34 1 14 10 20 42 18 33 14 11 15 21 52 50 26 21 59 24 21 13 6 9 25 50 11 44 32 33 8 50 13 6 41 58 33 8 57 55 13 3 59 26 12 7 50 29 54 23 36 6 20 21 0 24 12 30 50 33 23 56 43 37 4 12 6 39 18 45 32 20 18 35 12 54 29 21 29 29 49 22 37 52 45 51 42 43 8 59 0 32 3 11 40 7 47 19 40 2 32 7 41 21 59 1 4 20 31 48 31 11 9 58 54 29 46 29 53 58 14 58 29 43 41 45 57 38 17 21 10 12 19 51 3 15 31 3 58 53 59 6 43 23 8 34 24 38 29 58 2 16 59 12 59 20 58 55 17 20 22 12 39 29 10 17 5 32 44 33 11 26 32 11 23 33 36 11 57 29 56 36 17 5 42 27 54 20 42 51 8 46 26 14 54 18 55 46 12 13 17 27 51 49 28 0 48 15 2 50 15 43 57 28 4 12 49 13 2 27 15 2 42 18 49 23 18 58 25 51 23 23 39 6
1 276 39
2 392 828
2 428 788
2 535 1000
2 384 567
1 965 47
2 229 253
2 673 1000
1 921 42
2 505 584
1 418 22
2 378 473
2 254 917
2 253 934
2 363 543
1 268 18
1 769 8
2 324 838
1 190 57
1 980 4
1 679 56
1 641 26
2 553 1000
2 245 349
1 347 12
1 794 57
1 481 13
1 370 17
2 559 910
1 160 56
1 413 39
2 206 823
1 127 45
2 394 604
1 849 50
2 822 1000
2 870 1000
2 890 1000
1 454 17
2 786 798
1 722 51
2 513 1000
2 132 178
2 824 849
1 329 48
2 147 626
1 496 46
2 115 272
1 407 59
1 101 6
1 242 12
2 403 1000
2 458 862
2 617 1000
2 794 1000
2 675 748
1 775 58
2 625 1000
2 149 425
1 136 39
2 75 431
1 789 41
1 150 12
2 628 1000
2 142 196
2 325 1000
2 900 1000
1 12 31
2 11 542
1 88 53
1 681 41
1 866 21
2 732 1000
1 146 17
2 526 632
2 469 667
1 156 18
2 29 212
1 53 39
2 610 1000
2 35 272
1 546 55
1 481 1
2 492 1000
1 170 37
1 638 51
1 739 29
2 782 1000
1 546 9
1 466 51
1 7 48
2 310 408
2 704 1000
1 273 54
2 138 288
2 574 626
2 523 997
2 742 1000
2 209 759
1 95 31
1 559 37
1 337 33
1 536 25
1 8 29
2 863 1000
1 771 12
1 22 11
2 563 1000
1 616 22
1 386 19
1 158 8
1 837 2
2 467 778
1 336 27
2 115 564
1 969 5
1 654 1
2 718 1000
1 820 20
2 388 882
2 52 670
2 477 1000
1 427 34
1 311 39
1 958 25
2 735 1000
1 388 1
1 721 6
1 313 8
1 782 36
1 399 7
1 396 46
1 658 33
2 783 848
2 403 930
2 90 663
1 741 27
1 340 51
1 117 13
1 511 34
1 460 41
1 800 23
2 750 1000
1 42 50
1 731 57
1 695 10
2 68 195
2 209 550
2 859 1000
2 263 657
1 167 40
2 134 825
2 260 375
1 103 23
2 128 445
1 660 50
1 479 52
1 645 46
2 337 740
2 754 1000
1 550 5
2 864 1000
1 199 13
1 43 23
2 767 1000
2 511 933
2 555 815
1 560 45
1 754 35
2 228 394
2 231 646
1 815 46
1 302 38
1 792 57
2 124 812
2 435 674
2 283 457
2 640 746
1 669 56
1 191 38
2 682 851
1 548 34
1 348 35
2 436 904
2 647 1000
2 771 1000
2 355 376
1 675 7
1 247 4
1 293 24
2 727 944
1 787 42
2 175 830
1 865 9
1 260 22
1 734 13
2 880 1000
2 655 983
1 793 23
2 624 1000
2 45 386
2 427 553
2 461 503
1 287 23
2 35 641
1 424 39
2 592 963
2 569 941
1 112 10
1 422 4
2 803 1000
2 133 417
1 177 37
2 490 1000
2 249 652
2 467 1000
2 740 1000
1 24 32
2 445 1000
1 421 33
1 178 38
1 509 58
1 815 1
2 543 817
2 632 1000
2 312 835
2 442 1000
2 116 673
1 85 37
1 823 6
2 450 517
2 105 240
1 468 21
1 573 26
2 674 1000
1 486 47
2 670 771
2 411 1000
1 762 57
2 854 1000
2 27 462
1 81 9
2 588 1000
1 460 52
2 220 617
2 71 473
1 627 3
2 665 700
1 664 18
2 867 1000
1 310 29
1 694 37
2 485 543
1 850 40
1 501 35
2 761 1000
2 302 940
2 792 904
1 723 5
1 320 56
1 166 38
2 597 924
1 43 46
1 58 17
2 39 626
1 602 15
1 664 24
2 561 1000
2 267 858
1 703 0
1 597 57
1 745 15
2 385 526
2 822 1000
1 349 47
2 463 642
2 13 54
2 729 966
2 81 251
1 571 38
1 319 25
2 621 654
1 733 15
2 270 510
2 248 329
1 945 53
2 811 1000
1 861 49
2 269 375
2 689 1000
1 794 23
2 705 1000
2 246 881
2 599 1000
2 577 1000
2 341 614
2 760 1000
2 483 742
2 894 1000
2 814 1000
1 124 13
1 16 30
2 201 503
1 380 11
1 168 37
1 59 59
1 184 4
1 169 14
1 932 48
1 408 45
1 286 43
1 457 21
1 284 4
1 927 35
2 486 1000
1 138 0
2 482 746
2 435 646
1 874 39
1 508 38
2 867 1000
2 728 1000
1 367 42
1 51 17
2 736 884
2 364 1000
2 655 1000
2 34 291
2 14 638
1 625 40
2 441 761
1 70 27
2 527 1000
1 128 51
2 661 1000
2 787 1000
2 801 1000
1 98 52
2 213 892
1 527 17
2 654 1000
1 659 24
2 117 758
2 749 1000
2 270 738
1 235 35
2 431 974
1 954 17
1 246 38
1 553 38
2 76 466
2 733 855
2 386 880
2 478 632
1 771 0
1 544 44
1 588 31
1 961 20
1 999 51
1 872 56
1 362 12
1 538 8
1 263 13
2 725 1000
2 888 915
1 497 23
1 531 55
1 493 21
1 36 29
2 26 255
1 763 18
1 353 35
2 648 1000
1 675 59
1 484 56
2 169 231
2 100 120
1 341 55
1 269 42
2 429 734
2 734 823
2 541 981
2 138 388
2 96 178
2 522 868
2 564 1000
1 892 16
1 604 56
1 122 57
1 292 54
1 550 33
1 65 30
1 995 39
2 716 1000
1 682 37
2 346 441
1 406 29
1 160 27
2 816 868
1 213 23
1 92 29
2 123 475
2 166 191
1 797 46
2 254 842
1 336 7
2 545 956
2 577 1000
2 61 153
2 556 713
1 161 51
2 622 947
2 882 1000
2 570 835
1 487 23
2 882 1000
2 670 1000
1 132 55
1 75 30
1 557 54
1 7 24
2 691 1000
1 236 51
2 653 1000
1 919 1
1 158 50
2 105 352
1 832 17
1 176 11
1 369 31
1 469 15
2 697 1000
1 746 24
1 436 23
1 230 52
1 423 11
1 467 38
1 677 50
2 237 261
2 670 998
2 139 594
2 575 826
2 547 1000
2 517 690
1 579 36
2 140 228
1 488 30
1 586 3
1 986 11
2 528 989
2 146 658
1 222 53
1 847 6
1 103 15
2 142 562
1 381 0
1 398 27
2 799 1000
1 722 7
1 709 6
1 98 34
1 587 48
1 870 29
1 801 6
1 53 22
1 904 20
1 832 50
2 637 648
2 519 1000
2 857 1000
1 104 20
2 503 705
1 265 15
1 738 17
1 148 34
2 49 717
1 531 2
1 999 44
2 730 1000
1 902 5
2 81 678
2 104 426
1 444 28
2 162 249
2 676 866
2 399 1000
1 993 8
2 287 800
1 422 57
1 714 38
2 817 892
2 84 258
1 116 10
1 667 51
2 140 649
2 435 964
1 16 5
1 513 30
2 159 440
1 200 19
1 495 44
2 189 789
1 417 38
1 396 51
1 71 53
2 254 413
1 316 22
2 379 734
1 885 7
2 93 387
1 773 48
2 757 1000
1 583 30
1 287 44
2 10 569
1 704 11
2 186 251
1 300 17
2 417 653
1 231 48
1 216 48
2 121 474
2 184 789
1 55 5
2 530 756
2 740 865
1 370 26
2 544 608
2 412 725
1 414 14
2 612 1000
2 533 648
2 56 84
1 155 11
1 914 0
1 707 12
2 25 364
2 223 399
1 514 12
1 676 58
2 558 1000
1 134 40
1 602 49
2 571 593
2 548 759
1 194 59
2 700 773
1 331 29
2 274 417
2 187 487
1 9 33
2 420 736
2 268 436
1 214 15
1 120 36
2 80 297
2 235 638
1 848 38
2 339 652
1 352 11
2 329 575
2 214 676
2 689 1000
2 519 681
1 367 21
1 767 16
1 890 29
2 694 938
2 463 533
2 745 790
2 896 1000
2 114 386
2 23 146
2 272 936
2 13 539
1 810 51
1 259 34
1 3 3
1 685 11
1 704 59
2 477 1000
1 878 26
1 204 52
2 479 1000
2 505 774
1 478 0
2 409 615
2 861 1000
2 739 819
2 436 546
1 761 22
1 806 45
1 508 16
1 245 22
1 505 56
2 346 806
2 841 1000
1 340 10
1 560 12
1 478 58
1 659 35
1 874 29
1 147 12
2 787 823
2 289 836
2 630 1000
2 662 1000
1 948 15
2 160 356
1 794 40
2 489 856
2 444 488
1 518 5
1 243 58
1 305 31
2 429 946
2 884 1000
1 286 20
1 89 19
1 732 42
1 297 28
1 627 28
2 55 257
2 658 698
2 137 472
2 233 408
2 816 1000
2 866 1000
1 478 59
1 665 56
2 240 822
1 940 9
1 687 36
2 350 1000
1 560 38
2 626 947
2 296 346
2 605 656
2 125 530
1 492 26
1 788 44
1 228 35
1 444 13
2 657 1000
2 132 392
2 344 673
1 340 2
1 855 11
2 63 641
2 875 1000
1 679 53
2 53 88
2 47 184
1 863 4
1 49 5
2 121 282
1 570 58
2 545 859
1 112 35
2 866 1000
1 788 36
1 109 28
2 457 1000
1 10 3
1 776 35
1 415 56
1 588 30
1 412 11
1 18 27
1 56 39
1 125 19
2 725 856
2 206 371
1 776 15
1 652 13
1 959 55
2 517 979
2 370 801
2 520 1000
1 307 31
2 322 984
1 104 3
2 591 645
1 28 0
2 500 865
1 296 17
2 140 160
1 210 15
1 281 48
2 129 535
1 720 30
1 463 25
1 606 31
1 28 48
1 866 18
2 501 779
2 805 1000
1 12 17
1 69 40
1 587 13
1 956 58
1 511 49
1 322 47
2 763 937
2 793 1000
1 141 46
2 212 275
1 230 41
2 392 506
1 307 53
2 865 1000
2 572 718
2 465 966
1 887 45
2 659 1000
2 809 1000
2 693 1000
2 813 1000
1 272 32
1 406 13
2 60 149
2 692 909
1 911 33
1 90 23
1 532 29
1 678 20
2 281 647
2 790 1000
1 698 17
1 301 28
1 896 40
2 310 512
1 10 7
2 821 834
2 219 381
2 567 1000
2 635 1000
1 712 46
1 976 14
2 20 540
1 897 8
1 849 34
1 656 39
1 825 51
1 999 10
2 750 1000
2 709 878
1 713 27
2 139 702
1 283 58
2 690 1000
2 490 557
1 412 49
1 969 45
1 760 0
2 489 874
2 870 1000
2 142 225
1 697 57
1 652 39
1 184 38
2 733 788
2 395 1000
1 655 38
2 726 889
2 35 547
2 747 1000
2 22 362
2 675 842
1 758 22
2 325 671
1 222 24
2 475 634
2 864 1000
1 149 18
1 828 49
1 403 9
2 222 299
2 231 923
2 840 1000
1 456 39
2 466 1000
2 157 780
1 474 13
1 454 21
1 348 18
1 913 27
1 494 35
1 473 43
2 670 1000
1 157 8
1 367 53
1 142 42
1 240 11
1 995 20
1 543 53
1 261 10
2 325 418
1 75 57
1 979 4
1 220 15
1 375 12
2 584 912
1 226 26
2 80 674
2 259 857
2 461 516
1 477 43
1 782 29
2 158 228
1 38 13
2 152 366
2 646 1000
2 888 1000
1 656 51
1 73 29
1 65 37
1 769 40
1 51 37
2 115 144
2 831 1000
1 179 59
1 577 32
1 197 42
2 183 429
1 753 32
2 790 1000
1 585 21
1 710 53
1 113 32
2 435 909
1 226 11
2 375 796
1 652 59
1 727 34
1 670 58
2 224 699
1 395 19
2 763 778
2 245 859
1 460 50
1 949 18
1 332 17
1 826 8
2 749 1000
2 784 1000
1 686 58
1 685 9
1 626 34
2 306 810
2 101 578
1 875 32
1 155 53
2 876 1000
1 420 25
2 564 1000
1 374 31
2 557 611
1 728 41
2 344 465
2 324 993
1 604 28
2 75 299
2 427 909
2 419 800
2 455 661
2 214 893
2 786 936
2 545 1000
1 737 11
2 174 691
2 428 544
2 556 1000
1 48 58
1 809 49
2 790 1000
2 219 531
2 675 1000
2 54 313
1 355 2
2 600 816
1 446 14
2 487 673
1 247 30
2 238 665
2 615 791
2 606 1000
1 248 36
2 883 1000
1 292 53
1 458 35
1 639 36
1 825 5
1 654 24
2 318 657
1 781 10
1 987 22
2 355 963
2 736 1000
2 819 1000
1 404 23
2 16 648
1 520 31
2 641 737
2 723 1000
1 933 11
1 496 12
2 809 1000
1 866 19
1 749 42
2 713 838
1 965 28
1 893 52
2 284 783
1 752 40
1 477 49
1 171 47
2 183 814
1 53 41
2 368 980
2 489 545
1 272 33
1 749 30
2 431 970
2 294 760
1 185 5
1 613 52
2 40 179
1 471 28
1 703 52
1 748 47
2 328 748
1 820 32
2 150 820
1 346 19
1 819 45
1 267 57
1 383 34
2 412 611
1 26 41
2 867 912
1 900 25
2 818 1000
2 275 528
2 49 386
1 753 12
2 747 1000
1 45 59
1 827 45
2 201 755
2 291 866
2 152 636
2 401 581
2 550 1000
2 817 996
2 679 986
2 649 1000
1 827 47
2 761 820
2 814 957
2 776 846
2 672 1000
1 891 6
1 226 45
2 86 255
1 509 40
1 464 55
2 268 396
2 594 634
1 609 29
1 255 36
1 176 20
1 27 20
1 766 46
1 827 17
2 527 940
1 283 19
2 528 593
1 579 16
2 890 1000
2 766 1000
1 862 39
1 285 56
1 212 38
2 235 440
2 184 559
2 519 844
2 252 787
1 337 47
1 449 33
1 468 58
2 54 354
1 758 52
1 64 26
2 180 302
1 32 49
2 702 984
2 577 658
2 691 1000
1 271 51
1 63 37
1 94 50
1 360 25
2 25 413
2 358 701
2 691 1000
2 651 729
2 430 863
1 549 47
1 893 1
2 512 862
1 835 48
2 123 523
2 148 357
2 433 581
2 625 1000
2 37 608
1 872 43
1 486 15
1 294 41
2 215 387
1 491 11
1 444 36
2 152 677
2 781 1000
2 27 644
2 605 724
1 366 46
2 478 800
2 458 1000
1 443 3
1 490 1
1 344 11
1 381 44
1 193 2
1 179 27
1 489 16
2 654 682
2 599 930
1 709 25
2 271 495
1 182 49
1 631 56
2 391 855
1 515 24
2 709 749
2 600 744
2 194 874
1 947 18
1 915 3
1 581 53
1 110 25
1 744 16
1 926 31
2 92 105
1 54 53
1 877 30
2 680 1000
1 974 0
1 399 42
2 548 752
1 435 57
2 640 1000
1 745 56
1 338 34
2 340 657
2 697 1000
1 617 54
1 722 57
2 24 80
1 792 36
2 619 1000
1 254 18
1 799 20
1 130 11
1 227 37
2 265 507
1 701 32
2 521 1000
2 280 943
2 734 1000
2 232 722
2 782 1000
1 615 55
1 6 21
2 328 780
1 322 28
2 137 451
2 449 666
2 129 515
2 345 594
2 546 982
2 599 1000
2 635 923
2 811 1000
1 846 36
2 329 340
1 806 47
1 752 33
2 430 621
2 314 657
1 326 8
1 812 22
1 385 19
2 307 485
1 245 45
2 115 508
1 93 16
2 268 447
1 765 40
2 384 601
1 386 53
2 241 515
2 337 373
2 255 554
1 587 49
2 342 697
1 174 25
2 650 1000
2 667 1000
1 673 42
1 875 43
1 926 3
2 24 657
1 874 3
1 399 8
1 218 55
2 413 571
2 500 557
2 211 477
1 30 12
1 706 10
2 608 695
1 520 47
2 177 302
1 535 54
2 729 1000
1 217 50
1 364 32
2 61 409
2 672 826
2 279 402
1 670 0
1 959 45
1 905 41
1 966 49
1 218 18
1 262 58
1 545 20
2 898 982
1 159 34
1 521 28
2 594 914
2 100 662
2 11 601
2 709 1000
2 617 818
1 578 12
2 650 876
1 773 12
2 410 519
2 541 890
1 826 56
1 565 5
1 585 52
1 418 29
1 645 7
1 116 47
2 552 1000
1 271 46
1 364 37
1 144 20
2 789 1000
1 131 12
1 886 51
2 127 419
2 506 862
1 783 4
2 95 717
2 155 745
1 385 5
1 954 32
2 407 1000
1 371 51
1 692 52
1 11 59
1 803 11
1 375 56
1 156 37
1 729 30
2 216 486
2 162 214
2 591 1000
2 141 832
2 284 633
2 625 744
2 829 1000
1 820 31
1 790 59
1 602 34
2 179 736
1 149 43
2 59 722
1 469 45
2 522 955
1 723 31
2 603 1000
1 381 37
1 751 23
2 329 603
2 495 987
1 388 4
1 498 13
2 499 998
2 561 934
1 537 42
2 448 548
2 212 747
1 574 19
1 94 32
2 69 291
2 887 1000
2 127 631
1 18 30
2 134 816
1 270 58
1 505 46
2 775 1000
1 301 22
1 556 51
1 240 50
1 993 55
1 974 32
1 255 20
1 411 57
2 740 1000
1 746 9
1 898 52
2 297 742
2 867 1000
2 468 536
2 521 596
2 293 913
1 549 19
1 327 31
1 895 43
2 211 403
2 20 55
2 163 783
1 403 28
1 485 44
2 204 500
1 537 35
2 164 831
2 346 787
1 22 37
1 888 56
1 999 41
2 391 568
1 199 39
2 223 576
2 720 1000
1 126 1
2 494 892
2 377 690
1 618 41
2 184 349
2 476 1000
2 223 285
2 522 847
2 72 227
1 856 56
2 96 400
1 163 39
1 626 1
2 195 417
1 674 23
2 148 785
2 781 884
2 117 255
1 549 58
2 785 972
1 662 27
2 84 222
2 894 1000
2 631 1000
2 767 1000
2 30 585
2 244 697
2 557 844
2 512 940
1 169 42
2 141 566
2 388 1000
1 592 8
1 846 18
1 950 17
1 604 37
2 471 633
1 991 11
2 776 1000
1 843 34
1 647 30
1 86 18
2 144 418
1 364 34
2 470 625
1 947 55
2 572 1000
1 93 23
2 748 1000
1 408 27
1 111 18
2 530 802
1 932 53
1 69 4
1 570 11
1 486 9
1 724 3
2 720 908
2 860 1000
1 722 27
1 112 49
1 285 30
2 139 205
2 703 1000
2 32 584
2 745 894
2 777 1000
2 205 848
2 822 1000
1 743 15
1 875 11
1 459 28
1 954 18
1 911 43
2 11 133
2 207 428
2 579 1000
1 29 39
2 330 678
2 836 1000
2 594 608
1 950 43
1 904 38
1 20 16
1 854 52
1 56 47
1 815 19
1 543 17
2 882 1000
1 412 26
2 145 410
2 733 860
1 555 1
2 740 1000
2 597 1000
2 362 645
1 698 3
1 34 41
1 586 44
1 82 35
2 581 1000
1 149 33
1 471 51
1 274 38
1 715 56
1 798 51
1 629 48
2 704 1000
1 613 22
2 345 548
1 879 47
1 686 28
2 782 1000
2 795 1000
2 82 513
1 909 24
1 275 10
2 248 296
2 356 800
2 895 979
1 311 22
1 268 27
2 498 950
1 765 34
2 814 873
1 110 55
1 788 20
2 774 1000
2 357 939
2 254 660
1 889 49
2 893 954
1 106 45
1 944 30
1 556 59
1 188 45
1 325 19
1 679 27
1 338 35
2 737 1000
2 161 424
1 737 8
2 552 803
2 579 1000
1 762 32
1 910 14
2 585 695
2 405 609
1 360 29
1 799 58
1 19 51
2 623 1000
1 187 7
1 546 33
2 423 557
2 153 215
1 908 57
1 273 52
2 58 85
2 696 996
1 738 36
1 81 13
1 670 42
1 733 33
1 767 21
1 530 0
1 205 51
1 264 2
2 250 825
2 793 1000
2 736 1000
1 995 29
1 418 8
1 664 55
2 778 966
2 657 711
2 826 1000
2 286 985
2 360 883
2 472 757
1 548 3
2 34 426
2 620 750
2 149 386
2 255 580
1 763 44
2 840 1000
2 823 1000
2 278 799
1 117 40
2 669 1000
1 601 43
2 878 1000
1 362 48
1 772 2
2 428 698
2 485 966
1 758 30
1 263 14
2 530 938
1 919 37
1 372 45
2 331 567
2 199 806
1 505 58
2 670 802
2 640 805
2 752 1000
2 403 966
2 246 675
2 5 442
1 348 38
1 848 41
1 293 45
1 976 54
2 339 843
2 288 613
2 544 899
2 107 130
2 624 932
2 482 806
1 454 56
2 790 1000
1 621 18
2 787 852
1 333 52
2 241 731
2 515 617
2 505 1000
2 769 946
1 248 40
1 931 46
2 53 569
1 187 34
1 328 17
2 47 740
1 166 41
2 151 251
1 816 9
1 345 41
2 754 889
1 925 7
2 359 728
1 867 43
2 483 933
1 365 20
1 174 10
2 408 604
2 695 1000
2 861 1000
1 882 33
1 970 8
1 302 32
2 438 498
2 84 350
1 644 23
2 725 1000
2 374 548
1 420 35
2 393 1000
2 888 1000
1 8 35
1 175 20
1 563 52
2 389 997
2 750 989
1 337 8
2 636 1000
2 680 1000
1 826 58
2 838 1000
2 883 1000
2 408 929
2 554 837
1 852 46
1 738 33
1 620 0
1 19 28
2 898 1000
2 83 450
2 833 1000
2 349 519
1 118 34
1 266 7
2 434 869
2 3 129
1 373 2
1 392 46
2 572 686
1 801 31
1 828 15
1 257 53
1 663 19
1 932 19
2 254 701
2 636 1000
2 359 592
1 628 18
2 853 1000
1 714 28
1 208 5
2 702 1000
2 446 621
2 708 765
1 220 17
2 527 925
1 679 52
1 477 12
1 208 57
1 668 21
1 726 35
2 518 559
2 775 995
1 485 40
2 230 606
2 760 1000
1 96 36
1 137 48
2 167 651
1 370 0
2 169 843
2 256 365
2 325 777
1 348 14
1 187 22
1 510 23
2 494 1000
2 586 1000
2 821 1000
2 748 1000
2 425 630
1 400 46
2 398 464
2 701 1000
1 134 2
1 384 20
1 830 8
2 588 1000
2 740 1000
1 742 29
2 464 980
2 897 1000
1 307 6
2 618 833
1 467 21
2 397 562
1 788 20
2 444 978
1 204 27
1 211 12
1 614 49
1 384 52
2 377 915
1 891 39
2 602 1000
1 633 59
1 551 43
2 896 1000
1 491 1
1 874 21
1 81 13
1 197 4
2 232 260
2 681 869
1 884 39
1 617 2
2 342 953
1 917 28
1 586 15
2 144 570
1 867 6
1 913 25
2 739 1000
1 436 15
1 406 10
2 261 860
1 81 2
1 625 34
1 511 51
1 142 10
2 422 582
1 645 0
1 263 26
1 394 2
1 643 34
1 366 23
1 233 23
1 720 54
1 54 26
1 61 16
1 953 32
2 570 732
1 315 9
1 886 50
1 913 4
1 344 51
1 305 34
1 528 31
1 799 1
1 220 18
1 250 16
1 110 14
1 157 1
1 447 52
2 17 507
1 246 59
2 827 1000
2 352 524
2 886 1000
1 603 44
2 333 737
2 642 1000
2 102 482
2 567 1000
2 572 1000
1 522 47
1 260 41
2 510 879
2 29 468
1 240 56
1 657 11
2 562 730
1 898 57
1 389 29
1 529 12
2 85 462
2 595 1000
1 515 59
2 100 247
1 471 6
2 333 1000
1 472 23
2 119 387
1 152 54
1 378 21
1 545 26
2 183 879
2 890 1000
2 827 989
2 489 902
2 232 263
2 748 1000
1 498 26
2 122 246
1 728 42
1 504 17
2 777 899
1 161 4
2 865 1000
1 296 46
1 277 44
2 584 636
1 346 11
2 16 251
2 773 1000
1 254 1
1 508 50
2 403 804
1 100 7
2 874 925
2 153 692
2 569 768
2 377 547
1 895 6
2 251 760
1 822 4
1 168 47
1 307 20
2 445 526
1 561 10
2 15 617
2 759 1000
2 16 520
1 678 0
2 755 1000
2 486 956
1 901 3
2 536 1000
2 884 1000
1 342 24
1 761 20
1 831 24
1 558 4
1 682 47
2 794 1000
2 775 1000
1 438 13
2 536 709
1 936 22
2 622 880
2 154 369
1 311 11
2 520 849
2 590 926
2 634 827
2 12 80
1 273 13
2 795 1000
2 503 929
2 237 909
1 135 42
1 308 19
1 301 6
2 118 128
1 337 30
2 823 1000
2 725 1000
1 589 0
1 338 0
1 360 55
2 610 750
1 353 57
1 962 4
2 621 792
2 376 1000
2 157 465
2 144 411
1 528 27
1 209 57
1 121 9
2 132 830
1 581 57
1 160 58
1 685 14
2 175 612
1 321 13
2 740 860
1 410 21
1 535 30
2 528 1000
2 266 710
1 791 7
2 609 999
2 97 680
2 757 1000
2 291 679
1 376 41
2 664 1000
2 557 988
1 399 7
1 946 20
2 108 632
2 155 357
1 779 36
2 869 923
1 105 48
1 275 34
2 64 532
1 79 7
2 200 840
2 567 836
2 880 1000
2 804 1000
2 326 776
1 763 8
2 876 1000
1 815 51
2 113 189
1 184 3
2 221 687
1 85 11
2 588 831
2 171 499
2 578 901
2 171 738
1 110 47
2 55 472
1 809 26
2 182 372
1 161 38
2 859 1000
2 523 798
1 79 28
2 843 1000
2 88 437
1 535 31
1 674 45
2 463 660
2 459 550
2 235 732
2 791 1000
1 562 10
2 650 918
1 104 23
1 547 44
2 730 1000
1 184 35
1 537 31
2 708 1000
1 699 41
2 750 1000
1 282 17
1 481 2
1 483 7
2 66 430
1 60 23
2 313 448
1 938 18
1 532 45
1 304 21
2 172 291
2 525 1000
1 716 37
2 630 1000
1 471 23
1 501 43
2 459 847
1 250 23
1 547 1
2 441 868
2 211 681
1 748 5
1 645 51
2 434 892
1 959 3
1 410 16
1 581 41
2 48 204
2 305 1000
1 966 23
2 213 330
2 637 1000
2 615 1000
2 588 1000
2 634 722
1 856 40
2 501 1000
2 143 482
2 88 417
1 376 44
2 254 531
2 475 851
1 457 38
2 780 999
1 732 21
1 812 12
1 236 30
1 26 5
1 418 5
1 511 27
2 771 1000
2 457 798
1 509 37
2 172 834
2 760 1000
1 796 42
1 258 43
2 589 939
1 289 31
2 83 571
2 39 327
1 323 17
2 380 1000
2 103 509
1 567 29
1 336 54
1 286 10
2 354 417
1 318 3
2 620 1000
1 262 34
2 892 1000
2 294 538
2 496 679
2 858 1000
2 897 1000
2 421 634
1 802 8
1 932 6
1 959 33
1 647 8
2 694 926
1 737 7
1 752 14
2 437 673
2 855 1000
1 586 34
1 471 44
2 146 266
2 29 173
2 542 1000
1 379 38
1 36 38
1 674 19
2 435 577
2 425 603
2 389 671
2 213 422
2 868 901
1 197 56
1 222 22
2 801 1000
1 88 34
2 50 554
1 123 24
1 123 36
1 686 26
2 128 772
1 982 43
1 494 48
1 982 37
1 418 42
2 272 611
2 298 489
1 234 15
2 197 866
2 227 583
1 911 26
1 611 35
1 42 11
2 96 560
1 649 50
1 960 35
2 827 1000
2 77 216
2 45 290
1 628 43
1 226 45
2 49 423
2 306 973
2 773 1000
1 613 42
2 776 1000
1 313 32
1 450 27
2 169 288
2 90 524
2 496 1000
1 955 26
1 623 12
1 39 52
1 914 54
1 667 33
1 653 51
1 175 16
1 450 25
1 784 56
1 799 1
1 358 15
2 678 1000
1 769 37
1 967 37
1 565 34
2 422 445
2 247 417
1 961 28
2 374 845
1 972 48
1 9 3
1 93 30
2 235 700
1 673 45
2 557 950
1 833 15
1 684 22
2 287 613
1 454 16
2 222 827
1 832 19
1 486 42
2 314 385
1 289 40
2 599 1000
2 731 1000
2 522 917
2 320 500
2 646 854
2 243 709
1 636 21
2 220 808
2 677 883
2 661 1000
1 487 59
1 163 27
2 606 821
1 168 38
2 839 998
2 504 737
2 127 711
2 180 494
2 818 1000
2 7 192
1 35 33
2 99 372
2 369 406
1 7 25
1 541 20
1 685 56
1 200 5
2 372 756
1 160 14
2 801 1000
2 242 674
1 952 17
1 638 44
2 294 315
2 557 875
1 626 39
1 778 50
2 674 905
1 199 44
2 121 449
2 445 932
2 354 477
2 857 1000
2 830 977
2 214 405
2 325 426
2 266 537
1 49 40
2 718 1000
2 104 804
1 654 2
2 802 1000
2 544 1000
1 523 45
1 191 49
2 410 1000
2 111 498
1 204 10
1 407 8
2 458 1000
2 75 307
2 403 948
1 484 14
1 382 35
1 69 57
2 482 496
2 518 1000
2 135 350
1 131 15
1 490 54
2 503 1000
1 34 32
2 674 1000
1 701 38
2 780 1000
2 801 1000
2 713 1000
1 725 45
2 496 974
1 999 52
2 152 209
1 184 31
1 422 30
2 314 940
1 385 39
1 896 8
1 945 55
1 67 58
1 254 9
1 455 15
1 7 11
2 573 678
1 775 21
1 948 18
1 821 28
1 853 8
2 404 701
1 237 30
1 371 4
2 465 550
2 518 1000
2 878 939
1 992 30
2 188 215
2 530 970
1 142 11
1 604 27
1 391 15
2 143 497
2 736 885
1 632 58
2 583 873
2 202 702
2 799 1000
2 212 304
2 690 1000
2 358 543
1 903 3
2 208 279
1 70 3
1 365 18
2 479 998
2 877 924
2 815 1000
1 328 31
2 541 1000
1 147 31
1 847 58
2 651 1000
1 791 33
2 157 634
2 706 943
1 382 18
1 68 52
2 24 213
2 676 1000
1 444 26
1 736 57
1 415 39
1 444 10
1 389 17
2 484 783
2 71 374
2 34 524
2 462 735
1 569 28
2 521 1000
1 27 50
1 34 40
2 815 1000
2 738 1000
1 34 1
2 493 688
1 24 41
1 746 58
1 170 51
1 839 53
1 536 31
2 829 850
2 588 1000
1 32 45
2 428 571
2 220 595
1 646 1
2 57 730
2 135 811
2 675 991
2 484 1000
1 304 7
1 778 57
2 485 543
1 347 6
2 773 829
2 194 635
2 406 468
1 74 9
2 327 355
2 776 983
1 556 41
1 846 38
1 80 8
1 989 16
2 6 439
1 533 9
1 24 27
2 50 727
1 181 49
1 789 10
2 512 808
2 882 1000
2 512 1000
1 990 23
1 814 55
1 323 41
1 522 36
2 613 782
1 279 5
2 588 806
1 758 26
2 879 1000
1 136 22
1 99 18
1 988 19
2 696 1000
2 226 798
2 805 1000
1 902 43
2 548 592
1 479 22
1 110 19
2 139 340
2 19 334
2 292 811
2 517 1000
1 651 18
2 900 1000
1 514 18
1 458 58
1 158 37
2 278 312
2 708 1000
2 397 590
2 197 399
2 852 1000
2 605 1000
1 83 42
2 452 1000
1 656 6
2 513 701
1 570 0
1 981 34
1 65 36
1 778 19
1 649 9
2 189 750
1 712 10
1 38 57
1 85 41
2 668 708
1 927 35
1 763 17
2 359 956
1 851 37
1 117 45
1 922 32
1 55 24
2 872 1000
2 512 667
1 739 5
1 656 32
2 883 1000
1 744 4
1 384 13
2 174 405
1 876 16
1 26 48
1 247 31
1 319 51
2 665 1000
2 144 669
2 613 1000
2 306 574
1 90 37
2 570 1000
1 373 18
2 332 837
2 652 761
2 382 826
2 688 1000
1 305 44
1 247 11
1 848 11
1 304 50
2 610 850
2 529 687
2 642 1000
1 111 54
1 820 25
2 154 388
1 236 37
1 882 23
2 586 745
2 777 827
1 286 25
1 69 50
2 686 912
2 566 1000
1 951 6
1 302 19
2 69 536
1 640 32
1 946 2
2 683 1000
1 580 49
2 231 747
1 725 27
2 713 1000
2 293 674
1 995 29
1 528 36
1 366 50
2 341 693
2 506 811
2 627 724
1 251 34
2 35 350
1 185 56
1 617 16
1 704 32
1 241 0
2 562 894
2 321 993
1 168 14
1 322 48
2 199 783
2 723 925
2 442 719
1 487 59
1 362 17
1 982 4
1 810 52
2 845 987
1 747 19
2 295 593
2 485 883
2 720 1000
1 64 41
1 914 51
1 523 14
2 191 369
1 510 7
1 370 11
1 794 49
2 259 543
1 81 56
1 589 34
1 48 11
1 538 3
1 612 27
1 307 3
2 170 386
1 594 41
1 158 32
2 221 908
2 190 825
1 58 43
1 182 50
1 362 49
1 436 11
1 534 40
2 848 1000
1 250 35
2 730 1000
2 865 1000
2 485 1000
2 644 991
2 353 971
2 652 1000
2 706 814
2 255 309
2 205 626
1 603 53
2 515 853
1 818 13
2 338 769
1 446 4
1 381 37
2 256 681
2 207 314
1 8 33
2 819 1000
2 360 973
2 823 1000
1 269 57
2 640 1000
1 68 15
2 719 1000
1 998 42
2 414 892
1 374 35
2 761 891
1 930 6
2 96 558
1 430 20
1 661 17
1 67 29
2 57 646
2 876 1000
2 689 1000
2 47 266
2 405 518
1 959 31
1 619 12
2 406 778
2 675 1000
1 55 39
1 674 5
1 526 52
2 379 825
1 186 59
2 98 127
1 648 57
1 87 8
2 312 754
2 671 948
1 195 4
2 602 639
1 404 26
2 114 750
1 928 55
1 84 41
2 223 890
2 11 82
2 529 1000
2 837 1000
1 856 4
2 52 643
2 304 708
1 808 4
1 970 50
1 554 21
2 530 978
2 270 615
2 534 869
2 431 603
1 79 16
1 810 1
1 90 47
2 515 806
2 813 1000
1 348 27
2 569 942
2 838 1000
1 391 17
1 833 16
1 222 19
1 747 9
1 211 43
1 676 52
2 31 618
2 846 997
2 203 740
2 470 964
2 836 1000
2 654 1000
2 275 573
2 220 860
1 355 34
2 711 936
1 644 11
1 415 10
1 745 36
2 482 1000
2 97 574
2 630 1000
1 360 58
2 24 534
2 178 564
1 277 44
1 449 28
2 652 1000
2 379 731
1 497 57
1 20 55
2 622 930
2 417 1000
2 828 1000
2 433 1000
2 670 1000
1 490 25
2 639 759
1 497 24
2 656 1000
1 238 55
2 466 1000
1 982 21
1 966 58
1 515 54
2 828 1000
2 875 1000
1 996 19
2 243 323
1 667 20
1 951 0
1 626 22
2 132 804
1 78 11
1 884 10
2 332 434
2 711 1000
1 107 0
2 654 1000
1 396 26
2 397 1000
2 651 1000
2 785 883
2 542 574
1 588 34
1 96 59
1 524 28
1 370 7
2 58 720
2 830 1000
1 889 32
1 670 17
2 395 714
2 136 526
1 82 18
1 539 24
1 165 4
1 562 12
2 418 775
2 32 470
2 507 769
2 769 830
1 858 13
1 486 46
2 277 895
2 391 485
1 33 37
1 549 28
2 183 819
1 996 0
1 53 26
1 733 44
1 379 39
2 103 360
1 268 27
2 540 797
2 552 1000
2 793 885
2 548 1000
1 733 50
2 507 823
2 655 717
2 879 1000
2 238 377
2 322 668
2 641 1000
2 25 616
2 580 612
2 556 1000
2 583 827
1 821 13
1 736 27
1 754 28
1 523 59
1 659 58
2 561 1000
2 274 675
1 149 32
2 217 715
1 221 21
2 480 734
2 141 437
2 394 1000
2 624 843
2 273 386
2 749 1000
1 579 7
2 58 579
1 610 26
1 90 50
1 537 17
1 69 56
1 852 21
1 953 28
1 778 46
2 132 425
2 242 521
1 289 53
1 951 54
2 497 527
1 510 27
2 571 1000
1 91 51
2 224 798
1 823 42
1 515 25
2 47 598
2 672 754
1 438 16
1 308 34
2 47 187
2 500 904
1 250 6
1 721 13
2 63 336
1 23 42
2 468 658
2 795 1000
2 796 1000
2 325 600
2 183 466
2 488 623
2 518 685
1 30 12
1 368 35
1 704 38
2 697 962
2 446 1000
2 252 497
1 689 19
2 748 1000
2 83 379
1 7 43
2 16 388
2 698 1000
1 676 50
1 196 49
2 313 372
2 437 836
1 971 0
1 741 57
1 881 27
1 937 25
2 771 1000
2 548 755
2 601 863
1 618 5
1 267 34
2 790 1000
1 974 43
2 580 1000
2 537 929
2 61 325
1 326 21
2 390 917
2 259 553
2 700 1000
2 705 1000
1 582 33
2 506 691
1 224 47
1 769 15
2 49 71
2 446 487
1 497 7
2 312 878
2 342 924
1 601 21
1 36 42
2 298 583
1 484 6
2 696 1000
2 173 834
1 206 43
2 818 1000
1 338 51
1 777 36
1 974 8
1 649 22
2 455 569
1 900 22
1 262 6
1 806 51
1 424 11
1 354 27
2 212 562
1 575 1
2 454 982
1 656 14
2 597 660
2 260 409
1 538 29
2 736 972
1 916 57
2 387 605
1 67 29
1 556 48
2 815 1000
2 22 211
2 379 835
2 332 360
2 345 408
1 706 15
2 772 1000
2 630 1000
2 255 743
2 574 788
2 213 294
2 827 1000
2 123 224
1 199 30
1 752 58
1 57 3
2 128 694
1 402 39
2 86 747
1 21 44
1 109 47
1 176 40
1 564 17
2 747 1000
1 612 1
2 495 630
2 678 774
1 844 19
1 940 59
2 501 1000
2 23 580
1 562 2
2 101 179
2 752 1000
2 284 462
2 494 777
1 113 28
1 997 14
2 342 964
2 566 932
1 97 51
1 108 20
1 198 40
2 712 1000
2 519 1000
1 918 18
1 527 54
1 550 2
2 418 906
1 309 26
1 795 22
2 67 260
2 714 1000
1 482 4
1 933 34
2 274 798
2 364 843
1 518 24
1 278 44
1 244 54
2 244 433
1 869 52
2 107 462
2 397 430
1 377 3
1 962 1
1 86 29
1 601 1
1 722 29
1 741 37
2 279 640
2 833 1000
1 717 16
2 280 544
1 613 42
1 716 44
2 340 703
2 112 344
2 179 272
1 448 23
2 72 385
1 688 0
1 929 25
1 679 33
2 301 704
1 317 51
1 424 42
1 310 28
2 612 1000
2 804 1000
2 647 746
1 971 41
1 460 35
2 393 832
1 11 20
2 42 271
2 691 1000
2 31 49
2 685 1000
2 630 1000
2 151 765
1 531 31
1 803 6
2 36 454
2 532 556
2 165 810
2 441 837
2 18 613
1 332 7
1 798 45
1 915 45
1 251 49
1 686 12
1 590 13
1 791 7
2 350 538
1 419 18
2 426 616
1 231 26
1 50 49
1 684 23
2 533 1000
2 231 628
2 706 726
2 88 693
1 285 57
1 217 15
1 219 30
2 532 868
2 659 1000
1 165 58
2 197 257
2 351 524
1 332 2
2 204 521
2 618 1000
2 52 465
2 145 347
2 350 557
1 590 35
2 576 765
2 878 1000
2 298 312
2 172 738
2 347 813
2 49 236
2 450 642
2 863 1000
1 739 13
1 432 25
1 89 35
2 870 1000
1 387 33
2 817 1000
1 417 19
2 278 578
1 266 49
2 34 233
2 248 789
1 94 19
1 93 0
2 629 668
2 550 564
1 327 3
1 128 11
2 377 760
2 698 743
2 692 784
2 98 747
2 173 805
1 552 56
1 102 17
2 783 1000
1 927 3
1 585 39
1 720 26
2 897 955
2 816 1000
2 88 300
2 326 1000
2 403 820
1 378 12
1 876 11
1 476 14
1 766 21
1 242 8
1 329 31
2 402 500
2 328 537
1 64 29
2 54 503
2 640 815
1 118 16
1 291 48
2 404 812
2 442 515
1 908 58
1 938 45
2 89 652
1 312 25
1 259 16
1 759 30
1 837 5
2 55 257
1 158 44
2 589 825
2 635 1000
2 636 1000
2 295 402
2 32 190
2 157 313
2 709 792
2 771 1000
1 299 33
1 588 10
2 18 37
1 956 31
2 591 746
1 378 59
2 774 1000
1 624 41
2 270 902
2 866 1000
2 808 1000
1 162 31
1 126 56
1 186 48
2 464 598
2 831 1000
1 587 5
1 927 28
1 585 31
1 8 47
1 529 5
1 958 58
2 639 912
2 172 273
2 101 134
1 464 52
1 951 19
1 148 54
1 984 48
1 471 10
1 364 39
2 536 764
2 709 1000
2 222 266
2 638 1000
1 358 27
1 729 19
1 588 13
2 887 1000
1 359 40
1 32 10
2 546 1000
2 24 183
2 594 983
1 835 45
2 36 399
2 344 588
2 730 807
2 237 312
2 489 921
2 644 1000
1 380 13
1 567 46
2 385 495
2 333 875
1 739 56
2 519 1000
1 519 43
1 887 47
2 306 885
2 895 1000
1 114 57
1 481 30
2 154 814
1 155 25
2 383 934
1 862 12
1 144 16
2 821 1000
1 765 54
1 729 9
2 356 997
2 627 1000
1 138 41
2 306 841
1 403 0
1 258 12
2 204 799
2 711 1000
1 265 17
1 633 1
1 792 59
1 102 40
1 541 55
1 361 12
2 663 1000
2 435 561
2 564 1000
2 892 1000
1 480 5
2 83 728
2 25 695
1 663 37
